2672
2837
3164
3692
3458
4439
5046
5285
4912
4724
4779
5088
5207
5287
5077
4756
4239
3893
4030
4218
4599
4114
3930
4031
3981
4237
3954
4111
4880
3923
4529
5014
4956
4447
4716
4638
4579
5440
4834
5090
4492
4849
5019
4810
4751
5000
5143
5431
4757
5127
4994
5650
5407
5534
5799
4977
5660
5665
6152
6445
5788
6005
6443
5922
5737
5948
5417
5759
5560
5717
5738
5904
5725
6102
6359
6041
6105
5969
6261
6390
6265
5986
5800
6474
5894
5781
6304
6667
6334
6824
6589
6667
6805
6392
6638
6442
5965
6823
6158
5608
